1.706 2.8859 
-0.70611 3.5617 
3.4253 1.9469 
2.5357 1.5779 
1.6896 3.4147 
4.0047 2.3563 
2.7334 2.5772 
1.6154 3.6653 
2.2108 2.9892 
1.3982 1.4484 
2.8789 4.7824 
2.9128 4.0198 
2.8178 2.3021 
1.6515 3.8303 
2.0785 1.2126 
3.6777 2.3677 
4.1208 3.3049 
2.7454 2.4412 
3.139 2.9952 
1.977 1.7282 
2.535 3.2626 
5.6796 2.8991 
1.8869 2.6559 
1.9094 2.7646 
1.6256 1.035 
1.5564 2.5289 
2.542 2.0813 
3.8885 4.4079 
2.3818 3.7017 
2.9972 1.5965 
2.5976 3.0167 
1.7042 3.55 
2.8189 3.3974 
2.0753 2.8371 
2.5671 2.3553 
2.1268 2.6372 
2.425 3.8684 
2.3609 2.9567 
2.6456 1.8865 
3.703 3.3481 
3.5791 3.6055 
3.2452 4.0465 
2.5984 4.5539 
2.4084 3.1616 
2.802 1.349 
2.3422 2.5955 
2.4029 0.71802 
2.9223 1.4384 
1.9383 2.7819 
1.2236 4.1354 
2.804 1.9178 
1.7824 3.2454 
1.4634 3.369 
2.415 2.8379 
1.5999 1.5848 
1.5539 4.6427 
2.7921 3.2119 
3.3518 4.06 
3.7501 1.5288 
1.5889 3.9396 
2.5858 1.9279 
2.9055 2.5844 
3.0575 4.244 
1.7687 3.7735 
4.9621 3.8261 
3.3064 3.8641 
1.9632 2.0858 
2.1303 3.1601 
-0.38411 2.7843 
2.1278 2.1822 
0.67945 2.7346 
2.7161 2.7172 
2.7935 0.11045 
2.8538 3.98 
3.3281 3.8173 
4.2202 1.327 
3.5031 3.804 
3.7833 2.9467 
2.5703 2.3665 
3.069 2.8452 
2.0886 2.6664 
2.8759 2.6538 
3.0381 1.3126 
1.6813 3.4348 
4.0239 4.7254 
3.8564 2.2222 
2.6964 1.8358 
1.4804 3.1689 
2.4809 3.3742 
3.5126 1.1343 
2.4116 2.9639 
2.1531 1.573 
0.78416 3.8206 
0.93348 2.072 
1.7308 2.9161 
1.1189 2.7224 
1.4701 3.5692 
2.8164 2.068 
2.2315 2.9811 
1.7099 2.1733 
2.3685 3.5137 
2.0741 1.8347 
1.7355 1.4962 
2.3197 3.123 
2.809 3.4106 
4.0327 2.0166 
2.9683 2.9733 
1.5318 4.1174 
2.1059 4.7287 
1.6493 3.5576 
1.6383 4.144 
2.5218 2.2763 
4.4502 2.2979 
1.6582 4.2747 
0.71318 3.6618 
2.1577 1.958 
2.8037 2.7542 
2.6348 1.4232 
2.7581 0.37996 
2.2035 3.1851 
3.5584 1.2317 
2.3082 1.6284 
2.2672 1.4766 
3.5195 2.2081 
2.1178 0.8255 
3.1303 2.5193 
1.2589 4.7592 
3.4464 3.6718 
1.9614 2.7205 
2.5963 3.1956 
2.0022 1.7271 
4.0538 2.2775 
1.9906 2.237 
2.7464 2.5509 
2.2249 -0.46007 
1.13 2.6414 
2.7747 2.7163 
3.2598 3.8378 
2.9663 3.672 
3.0561 2.5342 
3.591 2.0513 
2.6181 3.5453 
1.7793 3.5537 
1.77 0.65937 
1.4916 2.6917 
4.1841 4.9099 
3.2943 3.801 
1.1788 1.7004 
5.2316 1.7234 
4.1834 3.3316 
2.8023 3.6185 
2.6312 1.5419 
1.4947 3.0385 
1.6736 1.404 
0.40413 3.0219 
2.9995 3.9071 
3.3705 1.2549 
3.2339 3.2366 
1.9825 2.1453 
3.1687 2.7264 
1.9737 1.9644 
3.6477 2.3804 
4.1164 2.4644 
3.7705 1.6672 
1.896 2.6722 
0.13954 1.7828 
2.8263 2.0151 
2.4709 1.1687 
3.027 2.4963 
2.1398 2.6938 
2.4835 4.8303 
3.383 2.9527 
0.89877 1.9694 
1.9843 3.7132 
3.2901 3.2327 
4.2982 4.0125 
2.0046 1.6473 
2.6943 1.6275 
3.2316 2.556 
2.7476 3.9539 
1.6577 1.0274 
0.72951 3.5034 
3.188 1.8355 
1.6553 2.2433 
1.6154 2.5792 
1.5019 1.8656 
4.0645 3.2654 
3.0063 2.7236 
3.6154 2.4005 
2.5163 2.5969 
2.1921 1.4098 
1.7872 3.6807 
3.1647 2.9897 
1.8415 1.2546 
2.1914 1.6685 
3.1127 3.1683 
3.3899 3.7688 
1.993 2.6202 
3.1132 3.2178 
2.8777 2.1116 
4.4991 3.016 
4.4432 3.1829 
2.8518 2.4314 
2.5128 3.0178 
1.0727 1.379 
3.257 2.9985 
3.0725 2.5961 
2.5663 2.3563 
0.4798 2.3462 
1.5549 3.7513 
3.7825 1.368 
2.7451 3.6056 
2.6453 1.2452 
2.3774 3.1419 
2.887 3.202 
2.498 4.0491 
1.6702 3.2894 
2.455 2.0148 
2.9191 0.3505 
0.25021 3.5117 
1.5549 2.0598 
4.1563 2.8864 
2.4128 3.2067 
3.2381 2.609 
4.1761 0.77117 
0.69553 2.7174 
2.3163 1.5991 
2.9352 2.1182 
2.7913 2.6736 
2.9064 2.7148 
3.6554 2.848 
2.9503 2.3081 
2.6887 3.1283 
3.9713 2.8099 
2.0982 2.6718 
2.811 0.68311 
2.5953 4.8788 
3.0527 1.7542 
1.6314 3.5063 
1.7837 4.1865 
2.3935 2.9775 
3.4828 3.226 
2.8205 1.5195 
3.1597 0.74287 
1.7906 1.9246 
2.6877 2.4656 
3.0719 2.4176 
3.795 2.6346 
0.72912 3.3366 
0.85153 1.9275 
2.4918 2.4206 
4.6144 4.1751 
3.4681 3.6069 
2.8156 2.9186 
2.6164 2.0707 
4.1921 3.4074 
2.1593 2.8918 
2.2383 3.2483 
2.3763 3.1512 
3.059 0.8047 
3.6317 3.4662 
3.6815 4.2225 
3.1301 2.5012 
3.1851 2.6612 
0.76868 0.91617 
1.9024 3.3072 
3.0756 2.6938 
2.8102 1.6701 
1.1267 2.0919 
2.5611 2.5734 
2.6665 2.4664 
2.0263 3.5153 
5.1073 4.1591 
2.9047 1.7914 
3.6243 1.2994 
0.68565 3.9329 
2.2917 2.6709 
3.0856 0.07312 
2.8875 3.1654 
3.2709 2.5064 
2.1643 2.8233 
2.4958 0.91074 
1.2241 3.4642 
3.3751 2.9633 
3.3056 1.978 
2.6984 4.3523 
3.2365 2.1402 
2.2313 2.8666 
1.799 2.5522 
4.6951 2.8923 
2.9511 2.1613 
4.0765 2.5573 
0.50174 1.9612 
2.4004 -0.050894 
1.8284 1.2043 
2.1686 1.8564 
3.4625 2.3761 
3.4391 2.4144 
1.649 1.171 
3.2183 3.0158 
3.6609 2.801 
1.6606 2.0521 
4.0641 3.4988 
3.9312 4.6547 
3.9638 3.1159 
2.5528 3.2689 
0.92314 2.8035 
2.2718 1.2749 
1.8679 3.3172 
3.6757 2.7753 
2.0692 1.8413 
3.3772 2.2429 
1.241 3.7023 
3.4904 1.6464 
5.275 1.8761 
3.4922 1.4516 
1.5629 2.4004 
2.6268 3.0476 
3.5415 1.39 
2.6493 2.7474 
2.0303 2.2137 
4.135 3.1864 
1.2605 3.6236 
2.9693 3.7755 
1.1553 1.8628 
1.8313 1.99 
3.9809 2.0168 
3.5445 4.3787 
1.7672 1.5784 
4.2891 2.1855 
4.1079 0.79521 
3.332 4.0652 
4.3858 4.0687 
3.3609 3.1893 
2.7585 2.2604 
2.0903 0.66202 
1.4755 3.3553 
3.4109 2.0465 
3.0963 3.674 
2.9404 1.1341 
2.2782 2.3339 
0.76646 1.6019 
3.0826 2.9657 
2.8244 2.5177 
1.6012 2.6674 
2.7225 3.102 
2.642 2.0395 
2.7958 2.2901 
2.9204 2.2352 
2.866 4.22 
2.089 2.518 
3.2796 1.8022 
4.4859 1.4063 
3.3465 2.1996 
2.6987 2.3825 
4.2265 1.7545 
1.1957 4.1631 
1.2892 3.0496 
2.0146 3.1714 
2.4073 1.3137 
6.2599 4.1029 
0.78315 1.5868 
1.4025 1.853 
1.4781 4.6884 
3.7231 2.6625 
2.3657 3.7054 
2.9812 1.7872 
1.554 3.5277 
3.6877 1.8565 
3.1113 2.1083 
2.3142 5.3091 
0.32619 4.2678 
3.8467 3.486 
3.2991 0.43367 
4.3553 2.3201 
2.8342 1.9103 
0.53174 3.2195 
2.4898 0.81812 
2.106 4.5768 
0.48718 4.3364 
4.6119 2.7176 
3.3842 3.0607 
2.9398 1.2855 
4.4483 1.8052 
2.5313 2.359 
3.2683 2.1647 
6.3142 2.3335 
1.9183 1.1593 
3.4161 3.3625 
3.0494 2.528 
3.1389 1.3475 
1.7722 2.3211 
2.4882 2.4846 
3.7623 3.6619 
2.9398 3.0373 
1.7665 4.7683 
1.85 3.8226 
3.0927 4.2169 
3.81 3.2415 
4.7261 2.8226 
